p cnf 50 80
-40 7 0
45 0
-41 48 29 0
43 0
-11 16 25 6 0
-14 22 -3 11 42 0
-20 -40 0
-47 -11 23 -38 0
38 0
17 -48 13 -39 -3 0
16 -1 -12 0
-22 -23 0
-42 -13 0
-22 0
23 0
-2 14 26 35 0
-29 32 28 47 0
44 39 26 0
5 -14 -35 0
-7 -9 0
-27 -24 -7 6 29 0
5 -12 0
-44 0
-7 6 0
-16 22 -24 -19 26 0
14 -22 -46 35 0
-22 7 0
23 -50 -3 -34 46 0
-10 20 0
44 45 0
17 0
7 -21 22 -48 0
5 33 32 0
-25 3 -50 0
-24 -28 0
-8 0
5 -41 0
39 0
-1 32 -26 28 10 0
9 34 -48 10 44 0
4 3 26 0
12 -27 20 40 0
16 0
42 -30 45 34 0
-37 26 0
-43 20 5 0
15 -10 -39 0
13 0
20 0
-48 -23 32 -8 -44 0
19 36 -4 0
-2 -33 -38 11 0
-3 -2 -36 0
-9 -8 -6 -39 0
-34 1 0
-40 24 -16 -31 13 0
16 43 -25 0
42 -44 -8 0
-25 0
42 -4 -7 31 0
-44 0
-15 -16 -41 0
-20 43 -31 37 0
-38 0
-15 21 45 36 0
-46 48 -1 -39 0
-30 0
31 48 14 0
-26 0
-35 15 0
-8 46 -30 0
25 18 -46 37 40 0
36 -22 -23 -1 8 0
-19 -37 10 -4 -3 0
-45 11 -22 0
5 22 0
46 38 44 49 2 0
11 -35 -19 20 0
13 -20 12 31 39 0
20 48 6 -46 -41 0
