p cnf 60 100
-25 29 -3 0
-15 0
53 -58 8 0
54 -8 -29 41 5 0
-17 0
-10 -13 -40 48 -2 0
1 55 -36 -51 0
43 -53 7 -48 0
39 0
18 11 -26 22 0
54 34 0
14 0
50 -37 54 60 -18 0
6 -43 -29 42 0
45 -42 -25 28 0
-41 -46 0
-16 -52 0
48 36 -38 -53 18 0
-27 37 29 0
-10 -4 -58 -12 0
-41 -36 33 0
-29 0
4 0
-23 -42 14 0
-5 0
54 -43 12 13 0
6 43 -38 40 0
42 -49 52 0
-55 -7 0
49 5 0
19 33 -15 -51 -7 0
-3 36 13 -1 2 0
-14 -42 -13 -52 7 0
-19 22 60 0
-57 -1 0
-49 1 0
53 54 4 0
28 19 23 -58 56 0
25 -1 -53 -2 0
19 10 -35 23 6 0
-54 56 -49 35 -47 0
-16 43 -2 -14 -36 0
-41 0
-46 14 0
-20 0
-14 24 -52 -12 58 0
59 -32 15 -20 0
-36 -3 -7 0
12 52 0
-36 -10 12 20 -5 0
-5 -58 12 0
54 53 -34 1 -22 0
-55 0
-34 0
-42 -8 0
32 -48 1 -5 0
-6 41 -2 50 0
42 -39 7 -54 -59 0
24 5 -22 11 -1 0
-20 -31 40 0
7 60 0
48 0
-34 47 -45 21 -59 0
44 -4 -26 -52 0
-9 59 -58 -3 34 0
-9 -4 0
-57 43 -35 0
-17 -48 0
28 41 0
15 48 -37 -44 -53 0
43 0
-9 21 37 -44 -58 0
-2 0
1 28 -46 30 -36 0
-18 0
6 0
-15 23 5 -4 0
-41 43 0
43 -55 36 -58 14 0
55 0
36 0
-1 11 -18 35 55 0
-39 -30 0
-50 32 -47 18 -12 0
19 -59 17 31 -53 0
9 -22 46 10 0
3 -53 36 0
12 0
22 -10 -42 0
28 0
47 0
-14 27 -43 0
55 26 0
25 0
-2 59 -22 -8 -14 0
58 -21 -27 29 0
50 -6 0
-29 -33 30 9 0
-26 -54 -44 -55 50 0
10 -28 32 8 0
