p cnf 1510 3000
260 1310 928 0
-155 970 656 0
124 0
-34 1019 0
485 1020 -1418 0
-1344 1203 0
321 1202 1369 906 0
-1373 -1222 -676 0
-979 0
-1360 1273 -884 47 -1127 0
670 949 -253 0
-722 1232 0
-1219 0
-1179 -1340 -1189 1425 1342 0
680 577 -952 0
1256 608 656 909 0
-652 -505 -587 -835 0
401 -1341 0
680 296 0
-262 1272 1256 -623 0
290 -1409 438 186 -86 0
-1308 -1257 -625 -62 0
-174 0
-719 -647 -200 1325 116 0
-1334 -1409 -246 846 370 0
-607 -1418 575 952 69 0
703 1130 0
1434 0
-120 765 0
-334 982 0
-614 639 0
-815 0
1267 0
-571 342 824 -701 0
1415 0
997 -1356 695 1107 0
719 -1345 0
-151 0
-224 -237 0
-181 0
-698 -537 0
-176 -827 1205 0
1139 -388 -447 265 0
806 908 291 -506 1273 0
-1133 1434 -860 -770 -81 0
659 -747 -504 -1228 -1007 0
-301 -1309 0
438 -1259 1303 -1175 0
-330 0
-706 0
829 307 0
1155 -1163 0
-67 0
1020 1196 1148 0
-1318 -728 0
988 -33 225 -752 0
-76 -1282 0
218 -819 -988 0
457 1084 647 0
687 398 0
-487 594 -796 -273 0
1492 -456 -1375 268 -322 0
-64 311 438 766 0
-561 1494 -1257 -551 -105 0
964 -794 983 191 0
-898 1327 -1294 -1269 -169 0
1144 1245 -164 0
-756 329 1105 0
500 -413 0
-149 -16 0
1497 1222 -755 1369 0
-59 487 0
-568 -842 0
-766 -309 150 -982 0
104 1208 -652 -224 82 0
587 0
1113 543 -743 0
-738 1122 -1289 62 -1337 0
-441 -388 0
789 938 0
837 -203 0
774 -212 944 0
-288 -485 -607 0
994 1131 -690 0
-5 -1351 -1240 -121 1063 0
361 -1120 -1067 0
602 -502 216 431 746 0
847 -915 1151 0
405 0
-3 -425 -1299 142 -227 0
-498 1391 69 0
-822 0
1154 251 -469 0
59 -646 289 1365 0
1463 -1085 399 0
-1463 321 0
-844 0
-795 742 9 0
144 0
-1440 -915 0
-1053 -1013 0
-258 351 350 1207 0
192 828 1373 0
357 323 474 -803 -810 0
320 960 1201 495 0
-1340 -536 359 0
1110 668 -1359 -1131 0
44 -333 776 0
612 -313 -439 591 -720 0
711 523 -360 0
1102 497 672 505 0
-502 0
-1252 562 2 0
-8 -340 0
899 -1016 266 0
277 0
-896 1112 124 0
-1016 243 693 955 0
1288 -698 1100 0
489 -660 -1178 -1197 210 0
-686 -490 1461 0
678 481 -1145 0
-674 0
1310 1269 704 1217 -882 0
-492 -127 1321 -975 257 0
-260 -1293 -217 1057 0
-1181 712 1448 0
-605 -529 0
363 25 1443 852 -1210 0
-1422 -415 -79 0
937 0
1247 0
1504 -788 1158 0
562 169 0
-1268 -204 0
183 -1492 270 0
268 546 0
588 0
1085 68 -1223 -418 0
-875 -327 478 717 0
1459 1303 -127 61 0
-146 0
-96 0
1463 -258 -1404 12 0
-1166 0
694 1070 -29 0
-76 0
466 0
-1475 1143 -401 82 0
912 549 -1358 0
27 -849 1211 0
-472 348 -511 0
763 -1144 416 -577 332 0
842 1450 1137 1354 1204 0
-851 0
197 0
-728 238 1008 903 703 0
-1095 445 511 -86 0
-135 -447 0
-94 991 -177 973 1115 0
-1407 154 754 0
-303 804 -1096 1307 -1340 0
-631 -1131 -417 1401 -475 0
-1088 -1365 -1466 0
-1489 0
-132 -1183 1331 0
-133 150 452 0
1027 -297 -249 -768 -1247 0
1313 547 0
-459 138 0
-1002 -1366 1314 979 1051 0
869 179 181 0
92 -289 1323 0
488 125 207 0
-437 995 982 1118 614 0
1457 29 395 0
-89 -3 0
-368 563 0
1340 -1449 975 0
-633 0
-12 792 -467 1219 782 0
1035 -128 262 333 715 0
-684 -471 -1275 1178 0
1096 0
-1223 746 1284 1049 -1017 0
-106 0
1228 -924 0
-1331 1109 0
537 0
902 -106 -1292 0
1328 24 0
977 118 0
332 -387 -202 0
-701 -328 -1265 -69 -439 0
83 529 1290 -1264 418 0
134 -1319 -1330 548 0
-215 538 1083 -1463 305 0
-345 -322 0
-15 910 1464 0
-1285 -10 0
1392 0
-1325 1379 0
904 567 0
-325 0
567 0
-1328 971 838 147 0
-1283 -1166 -438 -1467 0
291 1376 1344 0
3 0
-411 497 1166 897 0
788 -1416 -578 -1078 -980 0
1341 606 1200 0
-931 234 27 0
445 -601 -1508 -975 187 0
-956 -729 -257 -623 -904 0
896 1386 0
1427 -1187 1179 -1122 0
548 0
-1011 1406 0
-295 0
-553 0
-717 0
-49 0
1277 -734 -210 -1106 1508 0
-1499 0
724 -586 1183 0
702 216 0
-1083 -795 424 -1210 -369 0
834 465 0
1264 489 -112 633 0
-404 249 0
900 0
-535 -1320 -1090 1494 0
-165 -754 -1099 0
-371 -514 1278 -1091 0
1 0
-656 -36 -1438 -612 0
-881 -411 -1010 -1271 1097 0
238 -282 -65 -1055 0
472 632 -1142 0
-454 314 464 0
711 -1339 0
1180 0
316 0
215 0
-126 97 347 0
315 -1123 1077 0
-923 1339 0
-982 -1406 0
-1128 -878 -818 -1159 0
-377 -609 -1239 1288 0
-1327 -638 -242 -618 0
1134 -1438 1219 1268 0
353 1050 -1190 -871 946 0
-385 429 960 -660 0
1398 -1058 -254 -100 0
1372 -471 -990 -42 1157 0
-381 981 -632 1257 0
1071 656 0
521 -76 207 -462 0
914 1404 -1439 -50 -1288 0
-1123 414 0
1050 1227 0
1158 -972 340 -1110 0
309 0
618 -1295 0
342 0
528 931 1461 -1099 0
-1486 -1497 -381 1494 -207 0
1322 -1346 0
-201 -615 -333 0
4 -282 -1273 605 0
-1319 0
1403 0
855 -450 300 0
-1 1349 -621 0
-709 -147 0
1193 651 252 490 0
-732 519 -1186 0
-2 0
287 304 1299 0
-1276 953 -1352 820 0
997 -906 0
1001 616 -833 -276 -625 0
677 1417 0
654 1255 952 0
1286 -685 1039 0
-1481 1332 -619 -112 -597 0
367 -72 -660 0
-1341 -100 1387 0
-1493 -800 316 0
-99 1131 622 723 0
-911 0
-423 -1061 -1262 0
-1297 -305 0
911 0
-1213 1375 0
1258 -891 -738 -345 0
-393 0
57 -936 410 1337 -461 0
941 25 0
-577 -937 -259 -543 -1419 0
843 0
122 1411 -1398 378 1484 0
845 0
-1070 -868 639 0
510 1072 0
903 1349 -318 0
557 0
-928 359 1044 942 0
-562 -666 950 -1066 0
893 0
-866 0
-300 -352 392 0
-932 0
-1165 -933 696 -103 0
-1340 -1474 1036 0
1217 -424 -967 0
-1239 -1017 809 1499 0
83 0
-796 806 -363 -515 0
-1370 921 1159 -646 654 0
989 1108 1237 670 0
-873 1376 665 989 -156 0
404 -319 647 -1491 -1423 0
-44 527 166 0
1229 -1368 0
149 -280 -717 0
-1379 0
1149 0
1482 0
210 0
-61 -738 -524 369 542 0
975 -2 62 832 0
269 1434 0
59 -1154 -455 0
1230 1441 -1256 103 838 0
-1326 780 559 0
-1384 1169 418 0
-1346 -650 -699 -230 563 0
-1318 930 461 0
-409 0
-133 -948 91 985 1278 0
-544 186 -29 -545 -143 0
1150 -1428 905 0
-633 -272 -792 695 1389 0
535 -723 1189 -416 243 0
370 1198 -662 0
-789 -770 -627 0
-563 -855 35 187 0
167 0
-997 -496 0
-674 10 766 0
-622 1209 -151 -842 0
-47 1066 -810 0
-225 -43 0
1495 -151 0
60 0
1010 -1015 1343 -318 1504 0
-854 -788 0
1155 0
1291 -726 -789 -551 0
-912 -1141 317 571 0
397 -1471 -1464 547 0
394 0
1014 321 -324 775 0
1403 -516 958 80 1434 0
221 -1008 0
-1133 1334 -185 0
1490 0
343 310 -1407 -1110 0
1270 0
-1496 0
954 1470 0
-1097 -306 -155 -425 -161 0
699 0
274 668 -1379 0
-891 0
225 668 948 271 0
363 -1418 0
-1302 0
-29 0
-1119 -726 1147 1065 -977 0
-854 1504 546 0
1060 -1289 -1222 0
-726 1035 -892 0
30 387 0
-14 0
-1374 1037 0
-1470 0
-892 -565 -1366 -1034 1037 0
-1471 1318 1436 0
-29 -300 0
-305 425 663 0
867 1310 -1022 66 854 0
847 -477 -1241 967 0
-1202 -1481 0
1160 0
1234 -1477 -1131 370 0
1396 1480 745 0
-1210 429 472 866 -674 0
-110 -441 0
620 1203 125 -1050 0
698 163 -931 -737 734 0
-630 -1133 -1173 841 -215 0
223 -1125 -810 0
810 0
684 -1101 71 1373 0
484 0
984 98 479 0
-828 -167 1082 0
1160 -544 95 -1502 0
695 -1074 0
-325 582 354 -902 0
-897 -1406 -178 665 77 0
-862 0
836 0
326 -1387 565 0
1018 857 941 0
-1258 1212 0
560 -461 -782 0
987 1268 0
935 0
-119 -1177 0
768 410 1235 0
322 -42 0
-1327 -1353 1460 0
268 -377 -1095 0
892 0
344 526 0
1300 348 0
-1358 -43 1169 -941 0
138 -922 10 -361 -745 0
-866 0
-284 -222 1390 0
-1129 1382 0
-1382 -178 -463 489 -1186 0
949 -71 -1266 -870 -221 0
1396 0
-656 411 0
1225 734 0
557 0
1086 -1387 -515 0
460 0
583 0
1473 1312 -1304 -1303 -169 0
-307 1084 191 15 432 0
-1371 -1042 -1338 0
677 -650 0
-1138 819 1480 0
165 0
-84 -197 1035 0
-53 -476 -1046 1175 -311 0
-1312 -964 -407 1379 0
1267 0
-158 1217 -490 -668 0
450 805 0
668 -327 0
831 -542 -543 -485 0
1303 277 0
-825 -107 -1403 0
859 679 0
669 631 -1300 0
683 0
-107 259 972 984 0
-198 0
332 -556 432 0
-1376 -7 0
-1137 566 0
905 -890 1285 392 0
-296 -376 170 0
1101 0
617 1222 310 -434 0
755 -1301 -1427 707 -1343 0
543 -1311 0
-764 -1090 -594 -987 -247 0
598 135 1100 1493 0
-384 783 1185 0
-289 1280 -1153 1068 0
-909 -1409 -896 233 0
-1369 -1212 1230 0
433 34 319 0
-805 -1408 0
111 0
30 -646 -1058 -775 -16 0
520 945 979 1305 0
825 1173 -1412 0
-583 -11 776 0
1439 -299 0
-170 775 -325 0
-809 358 -260 0
-6 -1333 1290 0
-396 0
687 -464 0
-227 -772 -1045 1460 947 0
345 0
-732 782 330 829 0
-1201 -826 -156 719 -1044 0
-217 -185 1062 0
630 501 293 0
475 -904 -325 1451 0
1074 1029 61 -1101 -1489 0
1352 -692 0
-1482 -920 0
-831 0
66 -770 841 0
1145 -938 -1435 0
-795 975 592 1346 0
624 -329 -509 0
459 0
-1113 -204 1158 -388 831 0
1168 182 -515 0
1092 1208 723 0
-784 -221 -526 -1004 1151 0
1462 758 0
360 -972 -204 0
-1155 -81 151 -85 0
-140 0
473 915 -1157 0
-422 1278 -1351 -841 0
903 -926 -171 -455 591 0
232 -737 856 0
-1356 -494 255 -687 0
-1223 0
-331 0
-1375 430 408 0
-582 1145 0
-690 985 -491 0
-1258 1219 1027 745 0
-1483 1476 0
-1336 1258 0
-22 -1125 -1133 1257 353 0
-1246 -1219 0
80 -1017 1148 -816 0
359 -1049 239 51 0
-355 963 -1134 0
-1025 -773 0
-244 173 160 885 0
424 1073 1452 0
-912 0
-919 882 0
-277 0
-473 -1325 -1359 0
-684 0
-853 68 0
880 1495 -796 847 0
-408 -1325 0
-1497 0
-971 1253 -577 0
-825 -1169 -709 -792 0
655 1069 913 0
-1411 1280 -1450 296 -1305 0
-694 -791 602 0
-203 -785 -405 -167 0
-1000 -740 -699 -724 281 0
-825 212 -207 91 -1191 0
606 -164 0
105 -960 1494 1456 -297 0
1240 1373 -949 0
781 -768 1313 1069 0
799 1146 0
-39 -166 637 0
1243 -1136 -897 -1493 -731 0
549 147 -732 0
-1093 0
700 -1497 250 -1298 -168 0
1324 0
-257 0
902 337 1008 0
1344 -1402 -80 607 0
448 -929 0
355 -250 181 1000 0
-755 307 -663 -1145 431 0
1304 164 -1297 840 -57 0
313 -1100 -1407 0
-847 -1283 -144 0
27 -107 -992 0
-422 291 -911 1412 -810 0
838 1178 0
-316 93 1379 427 0
1229 -143 -371 0
-680 0
1169 -1303 637 -1186 0
-202 1510 0
442 -1312 -626 226 0
1311 -444 559 0
120 -305 908 256 0
-355 1405 -1471 785 -1394 0
-73 0
-1250 -146 -567 0
-995 -645 0
681 -1421 -1489 0
555 0
-581 493 -1409 0
1189 -55 -71 406 0
-778 1509 0
-700 1148 763 -25 0
-539 0
173 0
-1391 705 190 1070 0
58 -733 0
989 0
-1376 996 1421 -1245 -1248 0
1447 -483 1245 386 513 0
970 0
-1145 438 -240 0
-819 3 0
-1417 -3 -228 31 0
-1073 -545 -846 -1134 0
165 -629 -1085 597 -809 0
148 1279 0
923 -670 0
-1321 -908 524 0
-484 1143 421 0
-1187 -1392 -817 0
1458 0
948 -1398 -1157 1396 0
-181 1030 146 0
804 139 0
-483 -478 -434 1412 -937 0
-1276 577 1103 0
1086 738 -1107 0
-93 545 755 1091 0
357 1440 -830 429 -660 0
-1204 -336 1357 -1020 280 0
-314 -818 587 1094 0
-1171 -1433 -1105 995 -779 0
391 -1337 -1096 -865 -247 0
-981 1484 53 -880 0
1204 -596 1427 -662 0
-360 1348 0
-622 973 1406 170 975 0
236 430 0
625 -997 0
-982 -1126 0
128 1134 0
1253 -756 -238 0
-412 709 0
727 145 1331 -905 0
-1250 -1390 -833 1298 290 0
-548 -1325 -686 908 0
761 805 823 146 44 0
-337 0
696 923 -832 -1455 0
1419 -699 840 89 -243 0
77 100 -466 166 -1210 0
-49 -12 241 -1014 -504 0
-280 0
1450 -35 -1483 0
-917 614 143 -876 -1426 0
632 0
-980 0
-1109 333 1081 0
360 -949 -730 -390 0
-28 719 -1490 -1077 0
405 1113 241 0
1122 -1230 1405 -1443 0
-1373 -694 0
816 1265 0
-273 964 1144 0
1116 127 787 -1431 0
-1478 687 559 -63 147 0
-806 204 -535 735 0
1028 -97 0
-171 1055 1193 -493 0
-425 0
152 -375 502 1075 178 0
1403 -1001 1202 -906 0
611 1230 0
-478 -757 1424 0
-160 0
38 -594 0
-1355 -1353 1075 0
-795 599 0
-1220 992 -794 0
709 -251 0
1032 -582 -64 690 -531 0
1213 238 1084 1492 0
497 46 0
-1300 744 0
1486 1376 -605 1047 349 0
-409 364 0
-799 -1505 -360 -276 0
475 0
1154 113 31 0
908 1372 -265 -205 0
-1417 0
-840 -275 0
-247 0
-1427 0
251 1506 -1509 625 0
910 1103 861 0
874 543 172 -674 -1485 0
1089 0
-1040 -348 -291 0
311 0
-1265 522 1467 -1091 411 0
662 880 545 0
743 1208 1197 0
-982 -726 0
1180 -74 183 -22 1338 0
1485 -1215 0
159 0
-1067 -1158 -1451 -837 0
-723 1315 1437 -67 0
315 656 -5 283 0
-410 -759 -1410 771 0
226 10 -343 -1456 -1226 0
-1125 1213 204 0
587 0
157 -14 -258 0
-442 883 23 0
1362 56 0
545 145 659 0
937 1208 -519 0
155 0
1323 -27 0
-945 0
-1393 0
-744 0
-455 39 1484 0
-597 -862 -957 967 0
54 1452 -808 -1085 0
-95 -504 -1352 1492 -812 0
1422 1305 0
338 1217 0
-238 0
-1410 -1374 -1385 0
53 0
1040 265 -1430 -1481 669 0
1394 -910 0
1060 -916 772 0
1025 -1147 -77 -318 0
-427 -891 276 0
181 -1039 -458 -676 -104 0
-24 0
-402 0
934 1199 0
644 -185 972 -1395 0
-1260 721 0
-1329 -79 -767 0
-276 0
1154 0
594 1115 -1414 0
-392 952 961 -135 442 0
-1457 1098 -269 -1014 -1363 0
159 -449 0
96 -1211 -1452 1148 -946 0
-666 -947 0
-1022 -165 708 -637 580 0
935 0
1431 0
-169 0
-1191 -163 -356 0
-826 0
686 232 1489 0
933 -367 -1418 0
-513 541 -708 -132 0
1015 -382 0
-1313 -244 -69 0
-1280 -935 -584 0
1139 392 -309 0
196 979 1347 0
-380 0
-29 0
43 -300 60 0
215 -426 -937 -672 0
-475 -951 -165 -204 0
812 829 193 0
-1437 -444 1204 1414 -673 0
-107 -758 0
413 -50 -380 0
-278 -931 0
-752 -848 -96 -176 58 0
-588 -1118 1119 0
1006 585 0
-106 0
-419 -843 -1379 785 380 0
-998 0
-180 0
376 -1413 -593 -694 118 0
449 575 611 1334 0
-1229 911 -238 0
141 0
-1282 -917 0
287 0
73 -1438 674 0
532 -1169 -940 762 0
1462 1291 -302 -1172 0
252 1030 137 865 1057 0
-249 1215 1311 1006 0
864 -99 1088 0
578 0
-876 0
1278 -534 0
1180 175 -71 0
1498 1019 444 -980 0
1023 0
-1426 0
-961 973 -112 -318 0
863 -924 -1114 -401 652 0
-853 860 0
242 -1127 1391 -894 -407 0
1463 0
1194 0
-1449 -238 24 745 0
-532 -981 118 848 270 0
-438 -892 -1414 -1460 -947 0
814 0
896 0
1308 0
-721 -1268 621 1175 0
1159 961 868 0
289 1410 -26 -569 441 0
841 0
248 -534 1314 505 -847 0
-376 -852 0
-1091 0
443 0
-1235 739 1340 -649 -201 0
-94 -660 453 0
-914 0
1215 -1460 0
11 0
414 32 -637 0
949 -1120 493 -566 0
971 -78 1484 -1230 50 0
1473 0
45 551 279 0
748 0
-1229 -1373 0
544 -1250 0
800 -1470 -439 872 0
294 185 1162 0
1120 -878 0
1508 520 0
558 890 0
533 0
1435 -541 -606 0
-952 -265 716 0
-1029 0
1170 1016 271 0
-1045 -52 -156 -152 -1298 0
-739 1133 0
159 -580 0
-430 -104 554 1311 154 0
-400 -775 -1362 -560 0
1186 -435 -206 0
-731 -243 869 0
-812 -1377 0
-744 -532 -896 1096 1301 0
-969 -528 -695 -531 -123 0
1465 756 -1308 -1243 0
1147 0
922 1195 -753 0
-1195 -427 589 -360 -1070 0
1068 0
450 1251 0
-878 0
1255 -278 0
1276 0
-604 0
-612 681 -337 0
-573 -1226 0
1500 1202 -1315 72 0
1246 -469 -1053 1048 1229 0
1036 0
368 916 243 548 473 0
-530 400 478 240 -1314 0
1401 765 -1050 0
428 0
1177 -176 1293 -1139 185 0
1140 1052 -121 0
1310 1469 914 -960 -1171 0
-1098 0
-303 -496 0
-490 0
-45 965 -338 0
-447 1114 796 1109 175 0
-1188 1346 0
-551 -230 895 401 0
362 1400 1332 -900 0
-778 -1345 0
323 -992 0
1243 -46 -1077 0
-640 -1473 152 0
339 0
1297 -1342 -522 444 0
456 -1419 215 0
195 966 -308 454 -523 0
1299 -597 -179 -670 973 0
-1096 0
691 0
1447 -191 -229 -479 0
706 37 -485 0
-231 -316 4 -630 457 0
-965 820 -1421 0
730 -95 293 0
599 911 -1430 0
904 -716 -778 -404 0
-439 -1065 -233 1253 0
1108 -524 -1323 -332 0
1246 -437 136 0
-973 -61 0
-819 -447 -649 1224 -1026 0
-44 -468 0
-717 853 0
-616 -1337 -1284 -718 1445 0
-956 434 39 0
329 1425 -1031 -1054 0
-1074 559 159 -1100 -974 0
-203 0
-487 0
-139 -1108 -361 1007 0
-664 -471 0
-668 581 946 0
1010 978 255 873 788 0
-810 0
798 -1413 -685 0
-269 1381 689 1211 -24 0
-468 -610 1489 0
527 -415 -673 -742 -524 0
973 -967 294 0
-121 0
-698 -875 -402 826 -257 0
529 1085 1137 1047 0
-351 -554 -1480 -1453 0
1205 0
517 -1165 313 -846 0
-272 -1170 -1402 -938 -1089 0
-912 0
1443 -720 1063 430 -1488 0
-86 1115 -1480 202 0
-614 1235 1319 0
1459 -93 779 -1350 0
205 557 486 1116 0
-729 -1298 1160 340 0
475 0
-388 36 -793 0
1116 -687 758 1484 -603 0
-1350 -313 0
589 0
-37 -1376 643 0
-176 0
-276 -1283 -1097 -253 0
-141 866 -1091 -581 0
580 0
-946 -559 -1476 -530 0
876 -1109 850 0
415 -861 -401 0
-1223 50 -492 -557 -491 0
1233 0
319 472 -1056 0
-1242 -1113 0
1429 0
-1357 -80 -966 -175 -104 0
-491 797 0
1136 881 550 960 -337 0
-402 0
367 917 -907 1399 -1015 0
-794 -1156 1097 1019 0
-1157 -719 726 -1338 -932 0
35 -1009 -816 -988 0
-134 0
-671 0
28 -285 1105 316 1419 0
-1448 -584 0
621 1418 110 613 1049 0
395 1330 -904 -1 0
113 90 -146 0
692 0
-1003 528 -196 -506 -423 0
-357 875 -554 258 0
775 213 212 0
51 0
728 369 -767 -895 1144 0
-1045 0
1016 1067 -811 0
685 1246 -1144 0
-479 1075 0
-1412 0
1185 61 -330 -410 0
1113 431 -794 -894 0
1469 468 0
-751 -743 -929 -1451 601 0
-328 -429 0
296 -764 -1005 -339 0
646 0
-130 -502 0
1305 162 746 894 0
38 0
-909 188 1104 0
683 0
208 -1353 1244 -95 860 0
322 298 0
-896 1177 223 1109 0
-135 1156 -436 0
186 1036 -444 0
56 43 829 0
473 -329 0
279 -143 0
-351 1187 0
912 0
559 -1336 1410 -952 0
-140 0
-587 -5 57 64 0
-171 1225 0
-72 -1114 0
-234 -1037 806 1418 0
-962 0
1443 0
-187 -31 0
411 1095 1238 1119 -1313 0
1229 -1267 0
646 467 0
409 636 -1017 0
1401 238 1359 -479 -1264 0
636 -887 -508 520 0
1148 440 1258 0
-412 0
-285 472 -784 -1341 595 0
369 -865 -634 1063 0
764 -1504 1119 0
191 449 0
750 -767 566 0
-331 -1479 1156 0
35 496 445 0
185 35 461 -843 -863 0
-348 0
-1454 0
-71 479 -413 -1158 0
1365 947 0
-410 -1497 -1510 1423 0
-235 1345 905 1020 0
-277 931 -27 -1365 0
825 -807 0
67 0
335 -339 1166 0
267 -213 0
1135 1126 0
409 -24 -1121 0
-107 0
1280 -640 -1320 136 0
-356 0
904 -265 -1117 611 0
-759 747 487 571 0
134 -681 -1258 -828 0
620 0
356 1034 242 463 604 0
-1257 587 0
-105 -824 0
-1202 0
1087 0
664 -134 0
-1047 -133 492 0
683 1092 155 -700 -305 0
-433 313 -767 0
-515 -1446 -713 0
539 1405 -1372 0
-498 0
-74 541 990 -270 1231 0
339 -56 1386 -100 0
1475 237 -33 1157 0
1029 614 0
945 -1401 366 -178 -67 0
-1326 863 177 882 -107 0
-62 -1006 0
364 0
928 384 -493 1107 79 0
368 0
-1127 -1257 -152 0
1142 1293 79 930 438 0
-1269 -570 -435 135 982 0
399 295 555 1159 -1409 0
1460 0
332 55 835 -882 0
-90 0
-481 -818 -538 -1190 0
-1065 -115 -1371 -507 0
329 -858 -661 407 0
-651 0
663 0
815 706 0
682 -950 0
534 -166 885 1459 -336 0
530 338 0
975 0
729 775 -880 -573 -102 0
-753 1385 0
1327 -1431 -1283 1322 -1170 0
-317 340 -969 -214 0
-1379 0
684 298 -1185 -253 1076 0
109 -816 0
-642 1433 248 -604 0
-764 0
1092 -1121 -1341 0
1017 0
-54 666 190 0
-101 463 -686 -1092 0
-880 0
1346 1276 0
-1066 -310 1466 47 0
854 747 109 121 981 0
-36 -661 344 0
-667 -1439 -707 0
634 -644 0
857 0
276 -1397 994 0
137 -723 0
-501 1446 1012 -1182 0
-52 -894 0
-892 0
-1003 1035 -1153 542 -1484 0
-1291 1039 -1279 0
1223 -192 -1498 -624 -955 0
-532 0
-1273 0
758 0
856 0
976 -1463 -70 -1497 608 0
-838 -345 1323 0
-663 1396 -7 603 -1080 0
1042 788 0
705 1088 -83 -850 -1143 0
722 -1190 -1228 1375 -853 0
1395 56 -87 1183 -1272 0
-863 578 0
1379 1157 1183 1467 0
-314 -1296 0
-983 1181 1445 18 71 0
-1433 1460 0
884 0
-354 0
-238 -619 47 -91 1310 0
80 324 1451 -465 0
533 -537 0
498 985 -712 497 0
-588 358 0
-941 1377 1261 479 0
884 0
1085 0
1119 -972 0
712 0
-917 0
324 92 0
827 1336 43 0
-876 773 -988 -246 466 0
-439 789 1385 0
-359 0
329 1336 487 1506 -278 0
-375 -840 -1098 0
-1019 908 0
328 855 -471 -650 -233 0
-923 531 1041 1371 235 0
386 -740 0
698 0
-1025 -1413 0
-56 -1445 697 0
1205 0
907 -395 776 0
-529 0
-1027 -306 599 -406 0
-1300 311 383 -1292 0
1082 1178 0
-131 -1097 246 0
90 0
1336 -373 0
245 -293 789 487 0
272 -1233 -983 1501 0
-278 -218 -385 0
908 -1391 -696 162 -1425 0
190 280 0
-85 -99 435 -322 1265 0
965 -1462 -844 676 0
-386 22 737 0
687 0
202 -680 -254 0
-803 -183 -123 0
-1161 0
-1140 -195 0
297 795 -539 -1250 0
-70 -1251 0
9 0
-507 -743 0
751 -1509 -1195 0
-33 0
959 0
-1410 -319 0
-114 230 -451 0
1380 12 277 0
943 1417 1195 0
-1029 0
1374 257 1035 1130 0
782 -1128 1396 1493 1110 0
406 255 -1032 0
-1448 1175 0
254 1481 0
-1303 -5 1440 1022 0
-1469 0
11 -310 -472 -1453 1457 0
875 253 577 1403 63 0
-214 -143 0
-1403 -1229 250 415 -285 0
801 -804 0
-1342 -1260 483 -1199 0
957 498 1125 -421 1109 0
-401 1373 0
597 0
63 1340 758 -1313 0
418 215 -195 -1250 0
-608 1127 -1119 0
-914 1454 -609 -349 0
654 941 -430 0
-338 1444 1204 0
-1202 137 935 0
-505 -1090 -859 0
-144 1218 -811 -376 0
1338 -839 -791 -284 0
-41 -543 -290 -1435 0
-725 -1326 301 735 0
-692 -526 1297 0
-854 -879 -127 -469 570 0
734 -618 -5 111 0
1095 706 75 0
-524 -1133 0
-1169 -1119 568 447 133 0
-1418 0
-1028 -299 -847 -37 789 0
802 487 -280 0
177 -68 -1362 -102 0
1383 -407 -1294 0
-753 930 151 -1154 1233 0
-692 523 -1009 -909 0
297 570 0
1399 0
-605 1000 1294 1043 -1087 0
-741 0
-960 -723 1318 -1054 0
-966 -1226 0
1108 771 0
-1488 -1197 729 246 0
989 1051 859 0
-309 207 -96 1470 513 0
-1365 -863 -198 0
-1043 175 -160 0
1402 206 0
-468 -1349 -1208 0
1323 0
407 388 286 0
594 507 -4 0
932 0
1022 -825 37 25 -996 0
-682 951 0
-17 0
-1222 -1429 -243 -218 -400 0
653 -1419 0
-1479 -1297 954 1470 0
-405 476 -772 -698 0
-832 1337 591 0
-1257 385 0
565 0
-1393 -636 0
-919 -695 0
-80 518 1259 596 0
-507 0
446 -91 0
715 -898 -1249 -191 0
-404 1251 0
-195 1254 0
-1266 0
-925 872 0
891 -1382 236 597 604 0
-612 -767 69 0
-440 1226 -1433 287 0
289 98 0
-1431 379 0
1363 0
398 0
1189 248 -141 0
-260 323 -1148 799 0
-401 -498 -346 -812 -1413 0
-593 -401 0
-264 -1002 0
-1270 -431 -285 -321 0
46 -174 938 0
769 262 -806 0
-141 -17 -1056 -773 -581 0
-421 -1101 -832 0
207 -233 768 617 905 0
41 -1012 -1276 -363 0
90 970 0
-1087 -556 1484 0
902 173 813 0
-1289 1064 -722 0
834 1268 314 -845 -241 0
1199 0
1107 -1306 1270 -553 0
-1429 1456 1131 0
1344 894 0
-780 886 -1065 0
263 -1444 -1404 0
714 -962 0
-1056 -985 -1228 859 0
1027 -1421 0
-254 -1331 1494 -1040 -777 0
13 -410 0
-1297 -1109 362 1086 83 0
-320 -782 -242 -382 1229 0
214 -1402 616 542 1502 0
-834 1498 -414 717 -1210 0
-540 -1330 1443 877 0
1152 1451 -307 -122 0
1097 -329 1418 479 -1251 0
1182 -233 0
-362 -205 -1201 0
474 -1155 663 -360 -1446 0
1204 -659 -1420 1074 -1223 0
-800 0
-54 1129 0
1193 1026 -902 0
904 -450 344 1297 594 0
737 751 -93 -781 916 0
-404 -493 1481 -15 209 0
-276 -250 0
494 340 1473 0
987 -880 0
-783 -1037 -326 784 134 0
152 900 1100 -1501 0
424 -783 0
1339 -67 1036 0
1074 896 279 0
321 11 1144 1223 779 0
817 -505 -579 -1155 -233 0
449 -1118 148 0
-108 0
987 75 1325 1224 0
-1279 0
-1461 -185 -1472 -1273 -1317 0
1182 0
-663 467 -442 1386 -306 0
206 -39 -619 521 0
647 -921 0
-1149 549 -631 718 0
1135 -754 341 320 0
140 0
1444 311 -1004 0
-36 -707 0
-1100 0
364 529 -427 -821 0
-634 1135 1074 791 1385 0
51 142 -738 119 1005 0
812 -309 189 878 0
-728 1142 189 366 -150 0
1457 1283 47 0
241 803 -37 0
-1036 1125 -104 1009 -941 0
-1371 744 -632 -981 -585 0
-355 216 0
-815 367 -1039 0
-1500 0
1363 -1368 1280 -1104 0
-543 0
1283 0
-1002 0
-475 -636 -516 -155 0
-972 458 729 -174 0
729 -698 0
-447 316 129 410 -257 0
-796 1145 -956 0
-104 0
306 -745 0
-1428 423 -1095 0
-193 0
465 527 -980 0
231 -912 0
-535 192 0
1241 -1454 736 -929 304 0
103 -850 -596 -735 0
1491 21 -723 0
-1084 -1486 0
-1506 499 168 -546 0
-1060 -98 0
661 742 1241 -158 -1012 0
827 0
-813 -1074 636 0
-1324 -267 1510 -69 -852 0
-641 -520 0
1427 -27 61 228 -908 0
-182 0
-134 0
-78 -1048 980 1449 0
-616 198 1459 -157 -1273 0
-449 -354 -487 454 0
1436 -98 0
593 -852 -663 424 0
860 631 19 0
-229 -1203 1007 -808 0
95 1425 1158 0
-573 14 0
-1079 0
860 1435 842 -1227 0
-1263 -856 0
48 -1444 1064 0
1064 550 1078 210 -1022 0
-1383 122 -302 0
410 78 0
929 1450 -218 1224 0
-184 -1015 210 -243 0
1312 321 -1439 1414 -1188 0
-177 233 0
-1054 235 1133 -1477 0
-1202 1093 616 969 0
1473 -1033 527 0
-883 911 1390 0
133 -737 40 -1137 855 0
612 1001 0
397 -1220 317 1401 0
-1507 546 417 138 0
1117 255 0
-516 1045 -1248 0
1087 -1488 221 856 -410 0
-414 343 0
-3 -1102 259 918 -1059 0
-657 -85 1355 781 0
-1510 1114 927 -519 236 0
-917 -272 -868 945 -71 0
424 6 1300 -11 0
833 1042 0
-325 944 185 0
-1133 1176 -1115 1033 6 0
-541 1430 740 1442 0
-924 0
-384 -972 0
191 949 -1506 0
-604 831 0
696 0
541 -124 0
258 539 0
-1400 1376 0
-733 -980 0
-869 -1184 -645 -622 477 0
285 1085 -1496 1141 -1126 0
-757 0
436 -1334 -741 1039 36 0
-229 426 401 646 452 0
21 -367 296 -235 0
-487 -473 947 0
912 648 -1157 1152 0
-12 8 -13 -204 0
-856 0
-227 -465 -574 885 0
35 0
-1257 508 983 -14 -730 0
-520 394 0
172 559 -1323 0
-387 -1390 -1303 0
-536 1163 472 793 -891 0
-558 400 147 311 0
710 1391 1357 0
-411 1120 -773 510 -488 0
806 0
1034 -107 0
785 0
119 -1505 491 0
-1178 586 706 0
-82 -183 441 591 116 0
582 -62 0
1425 1180 -1035 0
-1173 -1120 936 -1331 -1121 0
530 -568 0
848 -1369 -1125 -348 0
1008 -376 1477 -1328 904 0
-898 -72 924 0
-247 0
-118 -707 495 -108 0
-45 567 -693 579 1240 0
-729 1244 587 0
1491 -511 -1391 0
-1417 0
1273 237 795 0
254 -263 796 0
315 1257 353 1016 -326 0
-918 -513 81 0
-495 469 -188 -929 0
8 -679 -265 1013 1245 0
-186 1120 1430 308 642 0
-622 -876 1191 89 412 0
-1102 0
639 0
-316 0
1200 1007 0
1179 505 0
-840 771 353 0
-573 330 440 -1107 0
-750 -1487 -743 0
1049 0
812 -1048 -1405 0
-1093 0
1183 -426 1132 0
877 -128 939 861 813 0
1154 586 0
-320 1063 102 0
95 -950 1284 -186 938 0
879 -505 -561 0
639 1159 -1495 -1341 0
-1471 1209 -888 0
909 145 564 0
-186 -1178 -401 512 0
533 -683 -1463 641 -101 0
416 655 0
-181 784 0
1378 1283 597 0
-1038 0
-1012 986 585 0
-813 452 -666 -1433 -317 0
-580 0
-1164 772 -407 -307 0
116 -1020 0
832 1395 1293 -967 -164 0
-1446 -959 -112 1212 0
-493 1504 1125 -1400 0
418 -337 533 135 1342 0
1229 781 541 -390 971 0
951 0
-884 0
-63 0
201 139 962 0
-1409 301 20 -1296 0
511 0
-747 0
-86 -300 1220 0
1424 0
-1129 1130 437 0
1195 -541 1278 0
-685 -737 -1219 1499 -1140 0
712 726 249 813 0
-149 -362 1129 596 0
-559 0
-1410 877 0
778 1093 -505 0
-170 1315 0
-493 0
-250 1403 -116 -1114 0
-849 189 0
1387 -1447 242 -803 0
1350 0
536 899 0
-521 235 -1093 -387 -501 0
-61 0
-995 0
-1298 938 -711 -366 0
540 -537 0
1175 0
1368 -13 -666 975 855 0
986 1361 0
954 1211 868 502 0
-446 -661 -795 -1167 0
485 -228 1267 0
291 -251 304 -918 0
1439 7 636 1312 0
-1046 204 -682 -132 0
-1330 683 627 0
-1096 44 489 616 0
-1188 0
324 -1417 1359 0
156 -1258 125 -882 0
1420 -1179 -1202 -864 0
-218 -847 31 0
718 0
-811 591 1040 0
-642 0
1151 0
44 -1369 188 0
-162 0
1089 1288 306 1357 0
943 0
-103 0
825 -135 797 0
-765 143 -428 0
-1071 345 -313 0
-940 -1253 -714 -396 0
1426 -1288 405 1366 0
-416 1021 949 -1487 -982 0
1399 -1309 -515 863 0
-1054 -38 -661 -1321 -881 0
-597 -1029 0
336 191 0
1229 1091 0
1498 0
1473 -379 -96 1414 -480 0
1012 -267 138 0
226 -651 0
421 -88 0
-1035 439 -327 0
-1250 -896 0
-511 -1228 492 0
-1200 1422 -151 0
-75 0
-1320 -470 -871 0
254 -19 -1256 -1402 29 0
-179 1153 112 0
-408 -1059 -864 0
-734 -407 -1047 0
900 106 1464 -965 0
-875 -366 1021 1462 -95 0
1445 0
-1344 1181 0
457 -852 0
1470 1096 -444 903 -841 0
463 855 -993 -1405 -475 0
927 1230 0
1275 0
-1276 -962 959 0
712 1134 -501 -867 -497 0
936 -458 0
412 900 -541 -601 -998 0
939 -907 0
552 572 -611 0
-986 0
643 -1033 0
-194 -941 598 481 -927 0
-16 -153 -335 -1202 -59 0
1339 -210 121 -726 -655 0
1354 0
1462 6 0
-255 827 328 -1203 -212 0
870 125 -48 544 743 0
266 -616 0
-1488 0
713 -537 -1380 1057 0
-1300 -596 199 1055 847 0
510 -684 351 0
1132 894 -301 1232 -1473 0
1016 666 0
1239 -1207 0
982 0
1193 -961 -39 -607 -325 0
197 0
-1098 1250 0
268 -296 1261 -1427 0
-44 -1362 -1110 -1367 -916 0
877 83 -1394 110 -646 0
-569 -408 212 127 0
143 -127 -377 -1300 0
-1128 -1091 -1308 -1290 0
446 0
8 886 708 -242 0
-162 -420 318 0
-433 426 -629 101 0
890 1006 14 0
-6 0
174 0
-802 660 765 1216 -455 0
702 -340 0
976 60 0
1132 0
1366 199 0
-1099 1475 53 0
-22 1329 -1258 -334 0
-791 554 -1255 0
1002 1139 409 -91 0
495 -470 816 -1280 0
-420 -594 1388 0
-287 -923 0
1253 -969 955 0
1510 0
-1090 361 1492 1040 -1467 0
895 357 19 1449 0
1300 -169 989 -814 -666 0
843 125 0
-248 596 -794 1175 -1038 0
-718 160 0
-983 -1041 428 0
541 -1433 1452 0
-956 877 -1295 0
-607 -572 328 0
885 -928 1327 0
802 -399 500 -1351 0
1241 0
631 -565 -1107 971 1173 0
-13 0
649 1121 0
1057 874 0
-773 -1009 15 1404 1344 0
1359 -179 -1508 1066 425 0
279 -873 833 0
76 -937 0
805 -21 0
-574 -328 1424 0
-1231 -532 -915 -754 436 0
-1349 -836 0
1378 1171 -1472 0
128 -706 0
650 1076 -150 1022 0
348 -759 -1093 0
-1442 0
966 1386 -295 0
899 0
-14 -1187 543 0
-1034 -127 -952 -392 0
1454 0
-730 372 0
-1045 -155 399 60 -918 0
155 -48 782 649 -504 0
915 -1126 0
1132 -357 423 1104 0
1138 1067 -1427 0
-940 666 0
177 535 -855 -1214 146 0
-14 -1103 805 313 -634 0
1137 -778 -929 -102 0
126 604 0
-1308 -1476 0
-912 641 1329 704 0
666 1424 0
-1471 280 1295 0
-1322 -69 0
-1441 -25 1401 544 0
-1417 -317 0
-440 -350 669 0
1381 73 -904 0
-69 1012 0
-1179 1196 0
-705 -42 0
178 -467 768 0
-432 -253 1332 334 0
934 0
-1136 -1068 -512 -867 661 0
1471 -250 1497 0
-1107 573 0
-1074 -1125 -1196 -453 -577 0
-483 0
-318 0
345 797 700 0
-1000 1032 0
413 -160 242 0
544 0
-1358 0
-386 1455 -336 -27 -348 0
1336 239 -548 0
-1014 473 0
1163 703 1446 0
949 -958 718 522 0
-6 -932 -239 0
1127 0
650 35 -1163 831 0
-713 450 269 271 0
1078 -1389 0
514 -675 -1155 -1196 0
736 -537 371 0
989 70 596 0
748 -570 55 -666 -401 0
336 627 0
-721 1048 0
24 1066 526 424 0
175 -717 661 1213 -1310 0
853 0
976 4 -788 1408 470 0
-782 797 -627 -1347 0
-1114 78 387 0
-157 519 -1298 423 -700 0
-348 -851 -1014 203 0
984 -1332 0
-370 1255 0
135 -114 673 0
-1038 1220 0
-232 -21 -121 0
949 369 696 1198 730 0
435 1117 0
-569 0
348 0
-1154 0
-1211 0
-1028 0
-648 713 151 -1000 501 0
745 710 1276 0
-107 -572 0
-674 1313 -73 412 0
-1110 0
1235 0
363 413 -970 0
-633 -1167 601 431 0
233 460 317 626 0
-122 -796 -732 961 -800 0
238 -1130 1076 0
-269 1402 0
1333 123 -386 -1449 -114 0
446 0
-553 934 -368 -1146 0
133 0
-997 -324 721 1163 351 0
603 47 383 0
-364 61 0
621 -440 -1457 -1343 0
294 -155 0
286 1447 1475 554 0
183 0
-589 -512 1170 0
-65 -889 926 0
-788 891 0
-582 -381 0
-254 0
-621 701 -820 -798 0
-493 -102 -4 0
400 0
-60 -1272 -1268 0
-362 0
699 -270 340 -648 -841 0
1173 571 1393 -159 0
178 480 0
791 -1058 1024 -474 0
-625 394 -470 -657 0
-1067 -1000 -181 764 -919 0
-792 1 0
-43 904 770 0
1091 254 -1106 0
1311 897 -679 0
-184 738 0
-1255 0
277 747 -304 0
1295 1092 370 0
907 0
515 -1087 388 560 495 0
1101 0
-516 -83 -157 -254 0
336 1086 576 -986 0
-282 -595 -87 0
-765 0
-855 0
-762 -1076 -328 -88 0
912 0
-1248 775 -914 -1402 -1381 0
-147 287 85 711 -1468 0
-784 6 346 178 -481 0
-1055 1281 0
389 -836 135 580 -831 0
537 -461 -775 0
-463 578 -119 0
754 -1293 -1102 0
911 920 927 835 294 0
779 0
1274 -136 0
1158 -109 -337 0
-1318 -454 60 0
-125 0
-121 0
-295 1319 1342 -205 0
660 -47 0
-1484 -414 271 -335 0
-831 -683 -1042 1427 0
1134 -783 1486 -95 -1280 0
-311 -347 -1497 363 -183 0
-473 -872 -334 0
561 -102 257 0
-912 -951 0
101 -804 1236 0
-103 0
705 -1506 398 0
-1106 -711 0
70 -810 -577 418 -1236 0
-615 925 0
-542 -582 -909 0
886 -348 -971 -599 137 0
1236 987 0
-1480 1153 868 -446 1486 0
1499 -853 1057 0
452 325 825 0
595 99 -500 509 0
1389 1347 -63 0
-78 -373 0
-932 314 -476 296 0
580 -672 611 0
567 -1287 0
894 644 -471 0
354 43 -146 579 0
-638 -954 1030 -1179 0
-869 1437 0
1367 0
1038 -1049 0
600 0
-1252 -1005 -279 0
-220 1445 0
1467 1419 0
-34 -757 1388 0
772 0
1381 0
1235 -67 103 924 -939 0
448 -886 -1271 -71 -640 0
622 -547 99 427 -1132 0
1496 648 0
828 0
-103 1105 -764 621 -767 0
-1030 -1136 999 518 0
-455 1369 -104 -1098 0
1217 -446 -1470 0
-847 -733 -562 0
-1266 27 32 0
-60 -227 -1378 -623 0
-276 -1265 0
-1341 -205 -115 -1359 -1442 0
1403 1126 1215 -320 -454 0
-903 -1011 1138 0
1282 0
407 1166 782 -1140 127 0
185 413 381 -1430 -205 0
563 424 1046 -765 0
64 -925 496 824 0
-1437 1140 0
1240 945 0
1090 1067 -131 378 249 0
28 -822 985 1436 0
1400 -273 -1114 0
950 187 1276 0
975 999 0
1151 -554 1379 0
-670 0
397 288 0
-833 70 -248 1136 652 0
-756 -168 0
-666 -398 34 158 0
543 0
-1346 -806 902 0
-16 0
-1050 1218 -274 441 0
1485 -1331 442 908 -50 0
-1046 1137 -1190 687 0
1455 56 0
1444 139 -600 0
1332 -954 -695 -915 -658 0
521 0
-1286 0
959 1301 0
925 0
214 0
-1139 1088 332 -1334 0
-182 626 -82 -252 -734 0
-265 -321 -1177 0
524 -1396 1038 -899 0
-799 -266 0
133 -757 837 -475 -208 0
1297 -862 -915 -185 0
-839 -13 388 -912 0
-660 498 -890 664 1026 0
-901 883 223 -1266 573 0
-90 0
321 -860 1261 -1043 0
-183 -1237 -856 -1481 -447 0
675 -228 1044 1231 0
549 0
-1034 0
655 0
97 -881 -427 0
1479 -1197 0
1095 -1142 148 0
-1143 -834 -1293 -616 931 0
472 638 1219 0
-1254 -995 -741 -1417 993 0
-203 345 -1253 653 337 0
714 535 0
-615 0
-215 761 143 1323 0
-70 0
114 0
486 1050 -1255 -1257 265 0
-292 0
416 -797 0
578 608 -2 0
341 -819 1043 0
1289 694 1167 602 0
-915 974 1369 0
611 344 0
-415 340 -1399 0
241 877 293 0
-1378 -1301 -1029 -552 0
316 -500 800 -253 -1369 0
-521 340 812 -593 0
-948 -1094 770 117 0
-1001 -1326 0
-1456 -1005 0
451 -1281 744 1014 0
1080 1143 1486 447 374 0
1007 -1313 674 -347 0
-1075 0
-1467 874 -18 712 -578 0
-1286 -1505 1436 0
400 0
190 -941 0
939 856 0
-60 -474 1003 0
-426 -144 1144 0
-353 1359 1392 180 0
-1115 -184 861 0
243 320 -716 352 -1267 0
-1296 180 1348 -885 0
-83 509 0
223 -1403 -1061 -1347 238 0
402 -1464 0
-1166 611 -888 0
-1448 0
285 -453 -1139 -488 0
-84 -1166 0
-623 -1243 1222 0
403 737 1225 672 0
-110 1082 1267 -1288 0
-1402 1464 307 -915 801 0
306 0
-769 0
-950 631 962 -322 414 0
-1191 -1260 550 844 1032 0
166 0
-1198 -1484 -772 514 0
761 1089 766 -1431 0
-1083 1312 0
-1441 227 -559 0
-93 1271 0
-1461 0
-656 -736 961 0
-1408 0
-343 1381 -1227 1149 0
-849 -1062 1236 0
-1242 -214 1456 0
400 -1188 431 -1394 0
862 -923 -741 0
771 -910 698 0
806 450 -659 -670 -1368 0
67 -680 -1082 0
75 -293 404 0
54 0
168 0
-1066 455 -1224 0
-706 -1433 -106 0
1196 -1035 -1279 -652 601 0
885 -1373 -1421 168 1396 0
-1182 390 -344 0
1093 648 571 -1010 343 0
-922 -736 0
1219 919 658 1244 -528 0
1456 -457 941 -1040 0
784 -420 0
1138 730 702 0
1327 1150 -1055 0
-1156 673 0
-50 -529 1337 0
-297 -589 -508 -703 -1457 0
759 937 -1362 0
530 -557 305 -32 -1123 0
1350 -975 1098 -606 0
-1221 -1196 -832 0
914 0
-499 -454 83 0
503 -501 383 0
1160 0
-1226 -1039 949 1225 0
902 959 831 0
581 -679 22 -763 166 0
1256 498 0
1025 -642 916 -59 0
-544 -1013 857 0
-932 -793 60 0
-648 558 -365 1500 -7 0
-1463 -1106 1145 -100 559 0
-1155 611 0
894 -619 0
417 0
398 0
-1469 -509 644 0
-376 939 -617 620 -1205 0
1242 0
-1362 617 1462 -1093 0
-1188 0
-439 772 -1100 1093 1321 0
154 0
215 -1048 2 -770 -258 0
-1047 362 0
-1019 -88 1370 1439 -886 0
939 0
14 0
-468 0
-558 490 510 -1262 985 0
-82 -1165 1164 0
1269 -999 320 0
-1446 -1105 895 0
205 1368 -1432 1095 0
-469 -711 -1027 0
356 881 0
-656 -1142 -1221 1508 0
-373 963 -381 0
-405 0
271 845 -112 32 -526 0
-1344 -1132 355 0
244 -736 -218 -462 0
460 849 -1384 0
-951 158 -21 1295 0
512 0
-961 1179 -904 -852 0
421 -611 0
177 -133 -1157 -581 -368 0
1029 1404 0
-1122 -362 0
147 1145 428 0
581 306 809 -919 999 0
-190 -1336 -1491 808 0
-361 -1121 21 365 -724 0
978 191 -818 551 0
-39 -1406 0
758 0
316 0
-124 441 -854 0
86 -234 671 -1052 0
-1186 -993 -585 0
415 836 261 0
395 1435 631 175 0
825 -793 983 -136 -96 0
223 1348 -314 -567 -408 0
1126 1471 1383 0
-303 521 -690 -670 978 0
664 202 -1256 -1019 0
255 0
-1461 0
324 -750 0
-1309 734 0
146 -932 0
1390 -802 748 544 973 0
-492 -1035 1503 0
973 1219 -91 1308 319 0
830 1478 311 1450 -319 0
192 327 449 1498 0
150 -847 -1433 652 1180 0
518 -1038 779 -768 0
-90 0
-1206 541 -1429 0
-1419 524 -1059 -1119 742 0
1147 -968 -1456 938 0
706 -100 -664 -490 704 0
-591 -1469 904 238 0
-782 0
334 0
1503 438 0
34 -764 -396 668 0
886 0
967 715 -611 0
-1219 1106 0
611 0
811 1453 0
-1205 -211 -1055 0
132 646 -951 622 0
512 235 -632 0
486 0
1326 0
50 229 1318 -506 0
-224 0
-690 599 1065 0
396 0
-284 0
-62 0
1334 -521 615 -1073 0
-867 -1204 1261 -345 0
406 0
-1161 -1285 475 1371 579 0
-1035 1359 1023 665 -904 0
-241 -668 -1306 -11 -22 0
1313 0
-764 292 -224 0
960 1430 0
-577 0
-9 26 0
628 971 -38 830 0
600 1150 0
1366 1416 -249 0
735 1456 1281 -239 0
-652 0
742 -642 0
-505 1044 1184 1286 -408 0
1157 -1033 0
-179 -1434 -590 680 0
-938 -375 -1071 -852 0
-636 1221 1155 0
-72 -116 938 -76 -774 0
-721 0
-1367 372 -408 0
1072 1116 622 1316 -191 0
365 -922 149 1129 1332 0
1210 0
-42 226 -1320 20 0
173 387 -1295 -475 -1290 0
204 -1237 0
-173 0
1197 18 -454 39 0
-754 1189 115 46 381 0
-1011 832 1216 -1400 0
-383 628 -1195 470 0
-128 -1228 -163 0
174 0
567 354 985 0
402 1406 -155 -1331 0
1476 -101 0
383 822 524 -292 0
-1464 0
-192 -1488 213 620 -1003 0
-1404 561 -1211 1460 233 0
-648 -284 -606 0
616 570 1482 0
1465 1004 -139 0
1324 -436 0
7 569 1111 -992 0
-639 -459 511 0
-198 745 160 -279 -838 0
525 -689 1091 0
771 0
870 0
324 530 1470 880 -690 0
1384 966 -1124 0
-730 1456 -731 0
-678 -1464 233 65 -438 0
67 -1022 -1332 0
12 1462 899 -187 -343 0
31 -862 0
-879 -1506 950 -304 0
725 -1415 -990 0
-1346 -928 -635 1507 -322 0
171 0
1487 1330 -1358 0
1115 1274 -267 0
731 -1197 96 669 410 0
226 -357 0
1276 757 -655 -367 0
600 -921 -1459 -352 0
319 1089 1137 -447 756 0
1040 -584 162 957 998 0
77 387 -1354 -314 0
156 0
-717 -770 -269 0
-1231 -501 0
-1169 -1305 -201 839 0
-504 -896 0
281 -122 854 -17 0
71 -481 -883 184 0
455 436 700 0
-1130 -233 1018 -471 0
-1253 888 1422 -1380 480 0
656 0
-609 -7 1175 -1343 -161 0
-1090 0
-650 -822 0
-386 -227 -43 0
898 -1223 0
-1390 -378 661 0
-463 -906 -603 0
-1158 0
698 330 -927 532 0
67 1455 0
-617 1181 861 -8 -1047 0
480 -1285 -818 0
-949 -1223 0
-402 0
1161 -1169 775 0
-1277 0
370 -658 -524 -1047 1295 0
-76 -1417 328 -851 -1254 0
1444 1096 0
-1123 0
-465 -44 682 0
1131 0
1057 -57 -1071 0
-1263 316 0
-506 0
1322 0
-575 873 -384 99 0
180 -697 0
-1294 215 -344 0
-1136 1501 0
-1282 908 298 0
674 913 -186 1360 0
-1058 -275 0
1357 0
-176 0
1266 0
-434 -1159 -413 0
688 811 430 911 0
1356 -851 -1344 -704 0
405 364 296 -1032 0
335 1228 -787 1413 0
-109 168 1150 0
-488 -747 -237 471 0
-651 488 -1343 -1316 930 0
945 -1243 220 0
-1206 0
20 1424 -302 673 604 0
-1420 0
-797 863 -791 365 0
1274 0
974 1433 -945 -1361 -20 0
-522 0
361 -1282 975 549 0
386 -1252 31 992 -170 0
-714 -1095 -736 -660 988 0
-1162 -1081 -1467 0
-504 -451 623 -1495 577 0
1499 0
230 0
-622 -554 183 -1200 1244 0
739 214 -48 -544 0
-398 -731 -305 0
1217 1299 232 0
1383 -1316 793 -568 0
310 0
-572 -1330 0
-900 1297 0
-860 0
1317 -338 -446 -319 0
-598 -933 23 1128 -378 0
-683 215 -712 727 -144 0
1305 -286 -148 -1222 0
352 -565 0
34 -446 -372 50 0
411 0
384 -95 286 -927 0
1279 202 275 0
-1371 0
-149 935 -1250 0
357 -1271 -806 0
-705 156 0
483 -1233 0
963 -381 0
683 -761 0
839 1491 -299 0
-442 -628 -1214 977 142 0
421 156 0
-831 0
590 -993 0
-700 -1489 4 0
1339 0
621 504 -60 719 -53 0
-1468 -16 0
-612 1349 998 -117 904 0
-604 -1121 0
-530 -1393 569 610 490 0
1432 1129 850 0
41 -97 943 530 70 0
517 909 -1109 1026 0
118 -1067 -724 0
-176 23 -202 974 1262 0
-1055 -1397 -640 -1163 0
-60 1291 0
502 1176 0
-1120 1068 0
88 -1209 0
1202 -261 421 -612 -1339 0
-367 -64 -668 0
504 720 156 -783 0
-1390 0
257 1031 0
-1083 -1307 0
1463 508 0
81 749 -80 0
1297 0
1025 104 205 0
1147 -1348 691 1284 -1288 0
197 0
-88 -1346 -1229 -1445 0
-1093 0
1217 -332 684 740 0
780 -788 49 248 -102 0
680 1025 -202 866 0
301 876 0
702 0
-783 -563 -1488 -48 0
720 0
1184 -1267 0
-646 -480 -1205 0
-850 -957 1105 0
-1251 0
917 -584 1332 0
516 0
1219 -399 917 -518 -401 0
-1077 -407 327 944 -1231 0
-444 -1031 -1050 0
274 424 672 0
-659 -355 -102 0
-722 0
1246 1003 -1094 0
-560 1393 -1472 0
961 -939 0
415 -198 208 0
-552 1124 995 -707 0
-470 -1153 0
-1090 105 0
462 0
1201 0
1111 117 0
-1021 0
-317 0
279 89 -120 -59 0
1168 1067 -375 -803 542 0
543 174 1297 -792 -340 0
693 -1323 -657 859 0
-719 1188 -1389 0
1131 -654 -1234 735 -397 0
-1398 -704 -1060 1338 0
-573 -856 -942 0
-1150 -1220 57 1395 0
1340 629 350 1492 0
-829 -497 1055 376 -1398 0
-810 -1303 -62 -844 -323 0
-489 125 0
-290 838 -676 1141 1382 0
1486 0
-313 -866 -1076 0
41 0
1046 -284 0
975 0
-479 -407 609 947 0
104 -49 922 253 -1297 0
-603 592 0
382 0
577 1125 0
-1345 0
998 -768 -899 1274 0
300 -17 -543 0
-40 0
997 -1249 -554 297 0
-967 554 739 0
1153 -1401 1106 0
817 -276 -262 135 0
-936 -370 -707 0
840 1005 -1497 0
999 1500 1250 607 340 0
-357 0
1099 -722 352 440 0
932 -226 0
382 421 620 221 -798 0
-294 0
-984 -1465 -238 0
590 1459 0
-53 -1015 0
-1427 -890 0
837 969 544 -75 -1134 0
1343 731 -674 -1375 0
553 0
-1499 0
-1321 -242 373 0
-253 0
320 0
-232 22 0
1157 0
-1282 0
-911 86 0
1117 0
-746 -598 732 -204 0
445 913 0
1424 1234 0
1497 -1112 -809 856 1296 0
387 0
-485 955 -259 617 0
-710 1208 1097 477 -952 0
-632 310 0
-496 -1027 0
326 -476 0
215 -517 0
458 -823 0
797 -770 -817 -288 0
-7 -738 -1018 44 -793 0
-55 294 401 0
-208 -775 -969 0
1080 1248 -702 1447 0
906 0
-1014 -546 685 -1125 0
1138 0
-608 1246 -799 762 1158 0
569 1087 1495 0
-1460 339 1340 986 0
728 497 -1056 0
-1010 -1502 -1194 -231 0
-1312 46 -597 1378 0
1365 0
26 18 753 -498 0
167 0
-1372 -1489 530 -218 0
500 1248 1141 265 -454 0
88 761 -299 972 -1352 0
-1207 0
-1430 88 394 0
101 1385 -801 0
-1300 0
-1473 -14 -1277 0
-71 -1341 562 649 1310 0
916 -192 0
1102 1188 -1361 49 -801 0
-896 459 0
103 -426 829 0
289 183 766 186 0
-429 -613 141 57 0
-408 -871 488 -162 0
561 1262 959 1190 139 0
1439 -1088 594 -1041 0
-1459 0
259 740 0
-364 -1384 341 0
-1083 -430 -494 1078 0
-750 -10 1387 1127 0
-297 1007 -1000 -1160 -509 0
68 -983 -940 -845 0
1088 399 -1011 0
157 -379 -1028 -1062 0
93 -193 191 0
859 -332 1086 224 554 0
341 691 0
-479 -1435 -1094 87 -1004 0
-1365 1389 0
-480 -233 -1208 0
1451 737 0
1353 1268 1157 0
155 0
685 -1196 38 348 0
-1265 -1229 0
1472 -83 -1072 -1290 -513 0
271 -1176 0
259 569 -1468 -1122 0
-1069 0
163 628 -338 -325 0
-90 -946 523 0
810 -291 -442 0
585 0
-65 679 0
1430 0
1287 -1269 -1298 32 0
1220 938 1186 0
1215 447 -122 -1191 0
784 120 -602 0
1267 -825 0
425 0
-1320 0
1420 1206 -1211 -1150 1189 0
41 0
-583 1231 -246 -1061 1465 0
-649 625 0
1427 552 0
1063 1306 1479 1042 -1474 0
-934 1252 -664 784 0
337 1101 911 1140 1160 0
-363 -442 1073 985 0
-877 286 795 -78 0
522 1083 0
-279 0
1423 1087 755 572 -216 0
-433 0
312 358 0
-725 -199 -1384 988 0
201 895 0
1284 -263 1181 690 0
446 -509 0
-1002 0
523 -722 257 0
-721 0
1189 508 775 158 -1347 0
899 1467 1426 -657 -108 0
-1281 262 0
129 0
-1256 -1170 -902 731 0
-996 71 -451 0
-1468 -557 -253 246 185 0
801 0
-124 0
-1291 455 -1196 716 0
1155 -248 0
522 0
-1385 -1070 -408 -832 409 0
1448 -1112 0
-81 -31 1394 0
432 1339 1415 1454 -1177 0
72 -24 -518 0
47 0
690 -230 -1041 -1099 0
748 891 0
262 -1408 0
837 1108 599 234 -1357 0
-447 -1061 -1097 77 0
-1451 0
-397 1214 1362 620 0
-1034 -16 19 1236 0
211 -733 0
1355 0
-451 -1443 681 -1396 251 0
838 429 1304 -781 0
-763 1444 1145 16 891 0
1093 0
1292 576 -932 1427 -310 0
-1381 0
1301 -488 -645 -534 0
-1148 0
-81 -1052 687 383 0
740 851 -489 0
1034 1226 631 936 695 0
1210 -1257 0
-953 -94 -165 -980 182 0
63 -245 -385 874 0
432 -616 -596 0
-1090 0
-1247 -1284 0
-760 -545 -872 8 0
766 1134 0
1005 66 744 1445 0
271 -113 0
1182 319 0
534 713 1226 0
703 -10 0
1130 0
1085 -422 1284 0
-1269 154 0
1099 -1003 0
791 -945 -496 0
955 -262 0
127 0
832 -875 0
-770 445 357 713 1026 0
162 0
992 1069 -697 0
697 -1504 -501 -610 0
-504 639 0
327 1510 -249 1241 -228 0
-1350 446 1106 -554 0
-1093 -1196 1142 -1505 -95 0
-336 0
892 -1083 0
615 968 0
-318 421 921 -233 0
1063 -254 0
-238 1278 108 1385 0
716 -18 0
-590 397 1391 -1345 -1148 0
-470 -57 0
-185 -38 0
299 566 -607 -988 0
1168 271 729 -756 870 0
870 221 -1445 -600 0
969 -1287 -1312 364 37 0
800 -1029 0
1388 -1149 -1413 0
1074 1236 990 117 -519 0
-683 504 973 1196 -1429 0
-937 142 -1107 -178 727 0
-1230 176 -691 0
-282 -496 623 -222 799 0
-338 0
-40 -869 447 0
-690 1104 -1048 -1356 0
-1202 -346 1001 -853 -1411 0
-571 -805 -1016 0
-317 0
213 -436 0
176 -1432 0
189 1300 -1073 0
324 -1192 -810 -1309 0
632 -640 509 825 0
-579 488 0
-701 627 930 1471 -658 0
-1216 1394 61 0
-363 -748 202 204 69 0
1025 41 0
1072 0
1077 908 -846 0
-91 834 -916 0
-1128 -743 0
453 0
-1149 1470 0
915 -485 0
761 632 1503 0
-906 -1329 -715 -1051 82 0
-555 0
66 1441 -472 -225 130 0
-802 441 -538 0
113 0
155 0
762 158 -978 0
-1369 0
-454 483 -716 0
-146 -1067 1075 91 1407 0
1446 1500 -48 0
-1020 404 -1269 1100 1035 0
1057 -686 -285 0
-1263 9 0
792 66 134 -244 0
-1230 -258 0
1425 0
1286 1407 922 95 0
-283 -927 1031 -1317 0
1469 -1226 1427 0
-622 72 -560 -147 0
565 1381 -793 1101 0
6 852 767 -168 0
1307 1341 -142 862 0
343 -1458 -1375 0
-288 1251 -792 408 -931 0
121 -947 -131 0
-1396 1459 0
217 -1274 -967 0
-694 236 -702 0
-400 -455 461 0
503 1496 254 0
1260 -1439 -754 -94 -47 0
-585 605 -311 -1413 1203 0
935 961 -629 1142 -864 0
1218 -1002 -909 -130 0
-24 -1069 45 -1006 0
-228 101 -578 387 1311 0
-260 504 -71 0
1314 -1418 643 0
-279 1161 493 -517 332 0
-926 -1507 1357 -1195 0
1185 -1435 -861 -77 -898 0
875 1498 0
288 -1209 640 0
1443 -805 448 1452 0
517 -1470 -1504 0
430 0
698 964 0
969 976 0
-378 506 0
1254 -888 -1328 -1482 -437 0
-274 0
1326 -120 -848 0
-1249 -60 -484 475 0
1165 0
106 720 0
-1106 0
-567 -497 -455 0
-196 205 1356 0
836 -784 -541 1052 -1424 0
337 -427 855 -635 -506 0
540 495 -686 -892 0
-896 -600 -1315 0
694 -746 23 0
1206 -333 -1308 555 0
1129 393 882 -145 0
-1042 -283 -1296 -1434 0
-1231 0
-72 802 -614 1271 0
-275 0
-844 -640 -778 0
-1295 543 -1406 1507 -271 0
-1262 0
937 0
1418 0
-110 44 -925 -39 -1028 0
880 342 -1068 -491 -923 0
572 -908 0
1111 477 1113 174 0
-1023 0
-779 0
-198 0
479 0
784 78 -892 0
299 -782 -718 0
-936 460 -1231 0
112 -369 0
1272 576 -159 0
76 -825 -762 -1037 0
861 -462 1028 330 0
-46 -176 909 0
450 -1042 931 600 336 0
-1483 205 1160 -251 0
-920 536 1448 19 0
809 174 848 -1223 0
-1426 -1310 -326 -772 1324 0
315 1274 974 1143 0
-183 -280 1381 0
916 1028 260 0
-1181 -1457 623 579 0
108 438 1435 -79 0
-207 438 249 -1078 1206 0
-126 290 204 505 74 0
-1061 -1261 1260 427 -1148 0
468 918 -133 0
-1310 -1127 526 0
-1034 0
746 -1023 0
1468 1253 1357 0
306 -354 -394 -395 513 0
-554 1230 840 0
-1102 -203 602 0
-1385 462 -852 908 -744 0
-853 88 -570 938 0
-558 -26 -1410 -290 0
133 -64 1255 1484 0
1363 -1249 696 -1097 689 0
1086 -1043 -191 1407 -680 0
-246 -1055 -110 -1177 0
-184 0
883 464 -900 796 1086 0
946 1403 -1504 0
611 742 -32 548 18 0
-364 1270 0
528 0
305 0
-769 1471 -1387 -819 -854 0
-1064 0
-243 -168 0
756 579 590 1355 0
734 1025 -65 0
-1414 1263 -222 332 -862 0
691 -1478 0
-348 -1209 0
-1074 -126 599 0
1017 -1342 -738 0
-1164 0
-175 1463 315 -1264 0
-279 -1131 313 0
1083 0
965 -1020 1481 1341 0
-16 -1355 704 966 0
-393 924 1133 0
275 -889 0
-142 -1057 -351 0
-304 0
1334 891 1287 0
735 -573 -1454 0
-1007 0
-532 -414 -1499 0
1365 656 -132 364 -1045 0
1107 0
-1000 0
465 553 123 1267 -491 0
-1074 -456 -394 403 0
-170 930 -720 -647 1282 0
1293 837 817 0
-81 829 363 -1211 0
242 1266 0
480 -881 986 -340 0
-488 317 -855 0
755 0
810 -1071 1109 -580 23 0
184 -102 421 314 -937 0
-736 498 -1468 599 -376 0
-37 0
832 218 125 0
-1002 -1141 -1078 813 0
899 0
-271 0
893 1193 451 -837 -218 0
770 -906 -522 0
48 -49 663 0
531 219 -1381 0
-1374 -1382 -366 0
-1411 -677 -421 0
-1288 0
-1217 -375 1282 0
782 -895 1130 -915 -792 0
59 0
629 -316 -1053 -243 856 0
-1066 0
-702 -626 0
-1235 -1054 -894 169 0
116 -295 -1101 0
298 50 259 132 0
108 0
-1481 -201 0
-271 909 1318 -1291 0
1273 273 65 405 0
-865 1242 0
1387 0
-1488 -1021 294 -358 0
289 -472 -609 -335 -419 0
-355 1067 1418 -1270 0
-68 -678 0
-231 495 0
-481 0
1323 0
-76 1245 42 -171 0
1014 -662 0
-878 0
-1472 0
919 -144 0
-1303 553 -297 -709 0
126 1174 0
-1282 305 1081 781 1236 0
-909 847 0
-64 315 940 0
-745 -1056 -1073 0
955 958 -1344 542 -35 0
1165 -377 1304 0
-1129 750 808 1008 -1238 0
76 -1367 825 0
-209 411 0
568 -337 -1444 0
-1258 84 -531 0
-339 585 -269 -1253 1357 0
1330 146 -321 164 1262 0
-897 -838 -31 -280 0
-527 -750 492 0
-84 0
-806 1296 0
1 821 -1039 394 -1155 0
149 711 -715 114 0
659 -670 0
743 -586 777 938 190 0
1240 274 305 1069 -1283 0
-591 1244 0
553 648 0
1053 1283 -1446 0
594 -1328 0
274 -862 575 676 -1061 0
1380 351 -1396 0
-1229 99 0
-716 -1473 -682 -834 0
1053 -1412 606 1035 1406 0
1334 1283 -580 -857 -82 0
-68 -215 1174 491 -673 0
-1282 0
-1353 -1360 0
-964 -254 743 294 0
282 -815 -919 -1441 0
179 -10 -1079 447 0
1269 55 0
919 897 0
-536 -1034 -445 701 0
-1083 653 180 0
1051 -880 1333 0
-483 -942 -269 -1230 1125 0
-1313 0
-993 268 1048 540 726 0
1021 1369 1275 -141 -397 0
1481 566 0
-821 0
38 -987 -1353 1146 742 0
-855 567 882 497 -1288 0
451 -1400 177 308 -505 0
-674 -875 -1473 -156 834 0
1407 758 0
240 -774 475 0
-201 -305 1488 0
852 -989 0
596 -17 1220 0
7 -1316 -227 -1472 0
297 -111 -110 0
-1035 732 -742 -102 453 0
757 1064 226 -499 -1140 0
-129 0
293 50 0
831 0
-930 1147 -1217 -246 0
1375 867 0
609 943 -778 -1049 629 0
-1340 144 -1382 -1124 581 0
1146 783 0
-366 -636 251 1260 -1220 0
-740 0
147 0
690 -1288 -1260 0
-828 632 563 -1012 0
121 -181 -202 -1052 0
-328 1034 903 0
756 828 89 0
474 13 -1018 -1497 0
-593 955 1348 1435 140 0
-1212 0
39 -463 1302 0
-1413 -785 -1378 -1342 0
448 -107 851 -1008 1419 0
-585 -1241 -1171 478 995 0
327 15 0
-1178 0
1402 -915 -538 0
-860 -668 473 831 0
-889 0
-1039 482 274 134 0
892 -144 363 0
-139 738 -426 0
419 0
-985 530 0
881 -526 -1233 -148 -653 0
585 -1401 0
-1469 1135 -1380 394 -18 0
795 -1364 184 -1508 -418 0
318 325 0
-1491 1209 0
379 474 0
-811 760 -935 358 0
-1294 -654 1494 1187 0
-592 651 0
-1068 934 -906 0
268 -522 -808 1159 -538 0
949 951 1372 -754 -646 0
-1255 1178 1275 846 0
409 -41 0
-1101 -189 0
-921 -494 -95 0
-1323 -806 0
1350 0
438 -1462 -833 677 -147 0
-79 -806 0
1254 -1223 0
-1006 -1356 0
-752 0
-1264 -271 0
-138 -856 -1106 0
965 3 -409 -633 1277 0
1102 -273 1177 92 -355 0
-1369 -922 0
1327 338 0
